tot: 0.81802
T: 0.81802
