tot: 0.81807
T: 0.81807
