tot: 0.81803
T: 0.81803
