tot: 1.13425
T: 1.13425
