tot: 0.81813
T: 0.81813
